1 0
2 9
3 1
4 5
5 9
6 6
7 5
8 5
9 9
10 4
11 1
12 7
13 7
14 2
15 1
16 9
17 0
18 1
19 5
20 0
21 5
22 4
23 6
24 0
25 3
26 5
27 1
28 4
29 9
30 3
31 2
32 3
33 8
34 4
35 1
36 1
37 0
38 7
39 7
40 4
41 1
42 4
43 9
44 3
45 7
46 4
47 2
48 8
49 1
50 6
51 7
52 2
53 1
54 3
55 4
56 2
57 6
58 6
59 4
60 9
61 8
62 1
63 1
64 9
65 6
66 2
67 1
68 7
69 6
70 3
71 0
72 1
73 9
74 7
75 7
76 6
77 2
78 5
79 4
80 7
81 6
82 9
83 4
84 7
85 9
86 3
87 5
88 6
89 5
90 1
91 2
92 9
93 2
94 6
95 1
96 1
97 5
98 1
99 0
100 6
101 2
102 4
103 8
104 5
105 7
106 4
107 4
108 2
109 2
110 6
111 1
112 9
113 1
114 9
115 6
116 1
117 9
118 9
119 5
120 7
121 9
122 0
123 3
124 5
125 8
126 9
127 8
128 8
129 0
130 3
131 3
132 2
133 5
134 8
135 5
136 9
137 0
138 5
139 9
140 4
141 3
142 1
143 5
144 9
145 4
146 7
147 3
148 7
149 4
150 8
151 1
152 1
153 5
154 8
155 4
156 0
157 6
158 9
159 9
160 5
161 3
162 3
163 2
164 0
165 2
166 8
167 7
168 7
169 3
170 3
171 1
172 9
173 4
174 6
175 0
176 5
177 1
178 9
179 0
180 3
181 8
182 7
183 2
184 7
185 4
186 7
187 8
188 1
189 6
190 4
191 0
192 8
193 7
194 8
195 6
196 5
197 9
198 0
199 9
200 0
201 2
202 4
203 7
204 0
205 6
206 4
207 8
208 4
209 1
210 5
211 2
212 1
213 6
214 3
215 0
216 0
217 0
218 2
219 2
220 8
221 7
222 2
223 7
224 6
225 4
226 0
227 9
228 4
229 2
230 3
231 8
232 8
233 2
234 5
235 9
236 9
237 5
238 7
239 7
240 4
241 1
242 5
243 0
244 8
245 8
246 1
247 6
248 3
249 9
250 7
251 4
252 7
253 0
254 2
255 5
256 2
257 4
258 8
259 2
260 0
261 1
262 1
263 5
264 6
265 0
266 7
267 0
268 7
269 6
270 4
271 4
272 8
273 8
274 3
275 8
276 0
277 7
278 8
279 7
280 3
281 3
282 7
283 0
284 4
285 8
286 9
287 9
288 0
289 0
290 8
291 6
292 4
293 7
294 7
295 5
296 1
297 1
298 3
299 2
300 2
301 5
302 9
303 9
304 7
305 1
306 3
307 4
308 3
309 4
310 0
311 7
312 4
313 8
314 5
315 4
316 0
317 7
318 5
319 5
320 3
321 2
322 3
323 0
324 7
325 6
326 8
327 5
328 6
329 5
330 3
331 3
332 5
333 7
334 6
335 8
336 0
337 9
338 5
339 8
340 3
341 5
342 2
343 6
344 0
345 2
346 1
347 9
348 3
349 8
350 2
351 3
352 2
353 3
354 9
355 5
356 0
357 8
358 0
359 0
360 7
361 2
362 0
363 6
364 8
365 0
366 3
367 5
368 5
369 7
370 6
371 1
372 0
373 4
374 8
375 2
376 3
377 5
378 7
379 3
380 3
381 9
382 4
383 2
384 3
385 1
386 9
387 1
388 4
389 9
390 8
391 2
392 9
393 8
394 3
395 6
396 1
397 8
398 9
399 9
400 7
401 7
402 0
403 6
404 9
405 0
406 3
407 6
408 4
409 0
410 4
411 1
412 8
413 0
414 8
415 6
416 2
417 1
418 7
419 9
420 4
421 1
422 1
423 0
424 1
425 9
426 1
427 7
428 5
429 3
430 2
431 7
432 4
433 3
434 1
435 4
436 9
437 9
438 7
439 8
440 2
441 3
442 3
443 9
444 7
445 6
446 1
447 0
448 5
449 5
450 1
451 2
452 2
453 4
454 7
455 7
456 9
457 5
458 3
459 0
460 3
461 2
462 4
463 8
464 7
465 5
466 3
467 7
468 1
469 8
470 7
471 8
472 6
473 6
474 5
475 8
476 2
477 8
478 0
479 8
480 2
481 3
482 6
483 0
484 5
485 7
486 0
487 2
488 2
489 5
490 5
491 9
492 4
493 1
494 9
495 4
496 8
497 1
498 8
499 0
500 9
501 7
502 5
503 3
504 5
505 0
506 9
507 7
508 1
509 1
510 3
511 1
512 5
513 7
514 1
515 2
516 6
517 1
518 5
519 8
520 0
521 4
522 2
523 4
524 2
525 7
526 2
527 3
528 6
529 3
530 6
531 4
532 3
533 9
534 8
535 5
536 0
537 0
538 1
539 7
540 3
541 8
542 2
543 8
544 7
545 5
546 9
547 7
548 7
549 9
550 7
551 6
552 5
553 3
554 0
555 6
556 8
557 3
558 7
559 0
560 0
561 9
562 2
563 9
564 8
565 0
566 8
567 7
568 3
569 8
570 8
571 7
572 4
573 9
574 5
575 6
576 1
577 0
578 8
579 9
580 3
581 6
582 5
583 9
584 7
585 7
586 1
587 9
588 4
589 0
590 9
591 6
592 8
593 7
594 2
595 6
596 8
597 4
598 4
599 4
600 4
601 1
602 6
603 6
604 8
605 0
606 4
607 6
608 2
609 1
610 6
611 2
612 4
613 3
614 3
615 9
616 8
617 6
618 4
619 8
620 3
621 8
622 9
623 1
624 6
625 2
626 8
627 0
628 4
629 4
630 8
631 2
632 8
633 1
634 5
635 0
636 6
637 2
638 7
639 3
640 0
641 2
642 2
643 7
644 4
645 2
646 0
647 7
648 3
649 8
650 8
651 4
652 3
653 1
654 1
655 7
656 2
657 2
658 1
659 8
660 2
661 7
662 2
663 1
664 9
665 0
666 4
667 7
668 2
669 2
670 5
671 5
672 8
673 7
674 0
675 5
676 3
677 1
678 9
679 0
680 8
681 6
682 8
683 5
684 7
685 3
686 5
687 4
688 2
689 3
690 4
691 9
692 8
693 5
694 3
695 9
696 4
697 9
698 8
699 3
700 0
701 9
702 9
703 1
704 9
705 1
706 1
707 5
708 9
709 6
710 7
711 3
712 8
713 8
714 4
715 6
716 4
717 5
718 0
719 8
720 6
721 1
722 5
723 1
724 5
725 2
726 4
727 9
728 9
729 6
730 2
731 4
732 2
733 3
734 7
735 0
736 4
737 3
738 7
739 4
740 5
741 1
742 7
743 7
744 7
745 3
746 7
747 2
748 3
749 5
750 1
751 7
752 7
753 5
754 4
755 4
756 0
757 7
758 0
759 8
760 5
761 3
762 8
763 4
764 6
765 4
766 4
767 0
768 1
769 3
770 2
771 1
772 7
773 4
774 8
775 3
776 9
777 2
778 9
779 9
780 9
781 9
782 4
783 7
784 5
785 7
786 2
787 4
788 4
789 6
790 1
791 9
792 9
793 7
794 5
795 4
796 9
797 6
798 1
799 9
800 7
801 5
802 8
803 7
804 0
805 6
806 4
807 0
808 0
809 7
810 4
811 7
812 4
813 8
814 7
815 0
816 7
817 0
818 1
819 4
820 9
821 0
822 9
823 3
824 7
825 6
826 7
827 8
828 8
829 7
830 3
831 0
832 4
833 5
834 8
835 6
836 9
837 9
838 7
839 9
840 8
841 6
842 0
843 6
844 4
845 4
846 8
847 7
848 4
849 9
850 7
851 4
852 6
853 4
854 3
855 8
856 7
857 2
858 0
859 6
860 2
861 3
862 8
863 5
864 1
865 3
866 7
867 1
868 2
869 3
870 9
871 2
872 7
873 3
874 6
875 3
876 0
877 4
878 9
879 9
880 8
881 5
882 0
883 3
884 5
885 3
886 9
887 2
888 2
889 3
890 9
891 2
892 8
893 7
894 8
895 7
896 9
897 7
898 9
899 0
900 6
901 3
902 3
903 6
904 4
905 4
906 0
907 3
908 2
909 3
910 5
911 4
912 7
913 8
914 4
915 5
916 3
917 5
918 8
919 5
920 1
921 9
922 2
923 7
924 7
925 7
926 7
927 7
928 8
929 7
930 2
931 7
932 0
933 9
934 0
935 6
936 0
937 8
938 3
939 0
940 3
941 1
942 9
943 9
944 4
945 3
946 0
947 1
948 3
949 3
950 2
951 3
952 1
953 6
954 7
955 1
956 2
957 4
958 7
959 6
960 1
961 5
962 8
963 7
964 0
965 9
966 7
967 9
968 2
969 4
970 5
971 5
972 4
973 7
974 9
975 1
976 1
977 9
978 0
979 9
980 2
981 1
982 2
983 6
984 2
985 0
986 1
987 8
988 5
989 4
990 8
991 0
992 3
993 9
994 6
995 3
996 9
997 3
998 4
999 2
1000 4
